100 10 4
20 22 26 27 20 20 28 25 22 30
44 59 61 50 21 75 44 17 92 47
3 46 47 39 7 69 33 23 64 56
86 14 63 4 74 16 46 83 68 98
45 96 28 31 50 87 77 92 48 11
99 100 42 61 69 62 98 40 26 24
10 16 41 29 5 43 52 45 73 22
70 34 97 63 72 97 14 46 5 88
3 22 3 42 100 65 37 27 17 94
57 75 64 29 74 88 66 18 94 26
23 63 19 29 41 98 49 6 12 35
85 92 11 45 87 65 51 54 15 5
71 27 91 75 96 27 63 41 33 58
94 77 91 5 45 92 58 64 81 74
84 99 5 57 8 82 45 76 75 45
79 61 37 26 59 63 21 17 49 53
65 30 99 6 89 17 31 10 82 21
28 71 58 65 32 93 68 30 43 87
68 33 72 46 21 18 63 88 53 40
44 30 50 33 3 79 26 6 37 10
37 30 100 100 60 84 4 34 85 29
66 28 81 14 50 77 3 52 47 22
89 53 50 42 68 61 63 58 27 54
75 21 94 8 88 74 22 28 43 9
15 65 16 46 42 21 56 68 49 16
41 96 19 21 71 76 42 16 36 16
8 11 4 45 21 54 55 68 21 5
36 90 37 96 91 75 56 76 42 83
57 12 12 56 23 67 26 8 55 16
72 42 67 97 77 48 47 19 53 82
32 41 59 49 72 20 69 25 4 5
28 27 50 99 92 81 74 73 64 11
4 59 48 79 53 7 78 59 87 37
54 51 55 94 8 94 75 41 39 96
5 36 6 86 92 69 81 87 12 56
46 97 84 52 19 29 48 55 32 44
88 99 86 14 53 38 43 72 68 31
93 34 64 86 66 100 46 84 41 69
67 66 19 98 44 60 62 24 48 15
39 69 28 52 47 33 16 45 83 38
98 50 36 90 99 86 11 26 22 25
22 3 38 92 93 84 22 63 76 48
11 37 33 14 98 67 80 47 68 29
31 24 88 36 80 27 39 7 43 20
19 90 12 97 62 87 43 35 74 20
44 31 67 10 51 88 41 3 3 67
30 55 61 52 82 3 77 23 7 65
8 94 67 100 79 51 58 27 97 20
78 14 66 49 29 43 34 53 29 22
28 58 93 33 18 49 97 64 88 68
78 36 55 3 53 99 54 21 57 48
67 32 41 78 21 12 21 88 62 39
97 96 59 12 51 60 43 50 24 23
11 41 32 67 55 36 46 14 20 59
71 29 99 21 25 46 62 91 84 28
50 62 23 61 10 14 95 80 99 79
38 19 49 76 18 37 55 81 52 7
62 96 69 24 17 85 54 39 18 73
67 11 9 32 40 79 22 12 99 100
79 17 14 49 66 90 23 80 16 57
66 11 67 66 96 21 31 82 91 43
81 46 31 86 16 62 79 7 62 45
90 95 75 8 52 33 71 3 75 93
13 46 99 6 42 92 50 82 46 24
34 82 91 78 99 54 31 20 90 27
48 38 9 59 100 65 17 84 34 97
72 59 7 98 83 43 79 34 8 16
64 30 11 94 30 72 17 27 67 58
69 65 6 80 34 38 78 96 23 92
84 25 74 49 86 54 57 99 36 14
30 46 45 93 29 100 34 85 83 19
65 18 19 28 33 56 99 46 10 11
21 40 49 71 66 22 81 77 14 59
50 4 26 6 87 7 52 94 8 62
61 23 52 93 66 11 74 8 99 42
58 89 97 70 79 33 90 81 10 27
10 95 68 90 34 88 63 72 7 75
11 99 82 49 69 15 28 66 90 7
53 63 69 21 12 23 28 83 64 31
57 45 71 18 17 72 41 35 18 89
13 66 79 24 23 33 39 91 52 88
75 78 83 35 93 67 20 99 90 78
95 36 87 83 46 43 76 56 91 99
77 35 79 31 85 60 3 98 7 22
97 15 18 28 74 47 16 41 60 34
4 9 96 97 84 94 29 26 72 54
34 66 73 94 7 32 67 10 90 40
81 47 17 20 90 72 64 97 100 75
64 62 17 9 72 52 65 71 75 50
48 69 68 23 74 22 79 32 15 63
38 10 32 61 65 87 48 75 22 75
14 73 63 22 43 95 92 99 27 55
90 90 74 47 29 43 56 92 86 28
83 36 59 10 8 83 69 59 75 4
28 34 82 61 69 20 63 88 61 47
25 72 61 59 69 50 40 83 59 7
39 80 27 36 76 84 66 89 94 34
27 56 60 57 34 18 17 74 58 60
19 58 81 42 7 19 38 70 80 28
25 86 24 98 8 39 47 19 93 39
75 58 100 63 37 65 53 13 63 68
